(kicad_pcb (version 20171130) (host pcbnew "(5.0.0)")

  (general
    (thickness 1.6)
    (drawings 46)
    (tracks 519)
    (zones 0)
    (modules 56)
    (nets 42)
  )

  (page A4)
  (layers
    (0 F.Cu signal)
    (31 B.Cu signal)
    (32 B.Adhes user)
    (33 F.Adhes user)
    (34 B.Paste user)
    (35 F.Paste user)
    (36 B.SilkS user)
    (37 F.SilkS user)
    (38 B.Mask user)
    (39 F.Mask user)
    (40 Dwgs.User user)
    (41 Cmts.User user)
    (42 Eco1.User user)
    (43 Eco2.User user)
    (44 Edge.Cuts user)
    (45 Margin user)
    (46 B.CrtYd user)
    (47 F.CrtYd user)
    (48 B.Fab user)
    (49 F.Fab user)
  )

  (setup
    (last_trace_width 0.3048)
    (trace_clearance 0.254)
    (zone_clearance 0.508)
    (zone_45_only no)
    (trace_min 0.254)
    (segment_width 0.2)
    (edge_width 0.15)
    (via_size 0.8)
    (via_drill 0.45)
    (via_min_size 0.45)
    (via_min_drill 0.45)
    (uvia_size 0.3)
    (uvia_drill 0.1)
    (uvias_allowed no)
    (uvia_min_size 0.2)
    (uvia_min_drill 0.1)
    (pcb_text_width 0.3)
    (pcb_text_size 1.5 1.5)
    (mod_edge_width 0.15)
    (mod_text_size 1 1)
    (mod_text_width 0.15)
    (pad_size 1.524 1.524)
    (pad_drill 0.762)
    (pad_to_mask_clearance 0.2)
    (aux_axis_origin 127 152.4)
    (visible_elements 7FFFFFFF)
    (pcbplotparams
      (layerselection 0x010fc_ffffffff)
      (usegerberextensions false)
      (usegerberattributes false)
      (usegerberadvancedattributes false)
      (creategerberjobfile false)
      (excludeedgelayer true)
      (linewidth 0.100000)
      (plotframeref false)
      (viasonmask false)
      (mode 1)
      (useauxorigin false)
      (hpglpennumber 1)
      (hpglpenspeed 20)
      (hpglpendiameter 15.000000)
      (psnegative false)
      (psa4output false)
      (plotreference true)
      (plotvalue false)
      (plotinvisibletext false)
      (padsonsilk false)
      (subtractmaskfromsilk false)
      (outputformat 1)
      (mirror false)
      (drillshape 0)
      (scaleselection 1)
      (outputdirectory "Outputs/Gerber Files/"))
  )

  (net 0 "")
  (net 1 VCC)
  (net 2 GND)
  (net 3 "Net-(C5-Pad1)")
  (net 4 "Net-(C6-Pad1)")
  (net 5 /OSC1)
  (net 6 /OSC2)
  (net 7 +12V)
  (net 8 "Net-(D1-Pad1)")
  (net 9 /LED_RB0)
  (net 10 /LED_RB1)
  (net 11 "Net-(D2-Pad1)")
  (net 12 "Net-(D3-Pad1)")
  (net 13 /LED_RB4)
  (net 14 /~MCLR~)
  (net 15 /PGD)
  (net 16 /PGC)
  (net 17 "Net-(J1-Pad7)")
  (net 18 "Net-(J1-Pad8)")
  (net 19 /SDA_SDI)
  (net 20 /SCL_SCK)
  (net 21 /TX1)
  (net 22 /RX1)
  (net 23 /SDO)
  (net 24 /~SS~)
  (net 25 /CAN_H)
  (net 26 /CAN_L)
  (net 27 "Net-(R1-Pad1)")
  (net 28 /CAN_TXD)
  (net 29 /CAN_RXD)
  (net 30 "Net-(U1-Pad5)")
  (net 31 "Net-(U2-Pad11)")
  (net 32 "Net-(U2-Pad12)")
  (net 33 "Net-(J1-Pad6)")
  (net 34 "Net-(U2-Pad26)")
  (net 35 "Net-(C13-Pad1)")
  (net 36 /AN0)
  (net 37 /AN1)
  (net 38 /AN2)
  (net 39 /AN3)
  (net 40 /AN4)
  (net 41 /Vin)

  (net_class Default "This is the default net class."
    (clearance 0.254)
    (trace_width 0.3048)
    (via_dia 0.8)
    (via_drill 0.45)
    (uvia_dia 0.3)
    (uvia_drill 0.1)
    (diff_pair_gap 0.25)
    (diff_pair_width 0.3048)
  )

  (net_class PWR ""
    (clearance 0.1524)
    (trace_width 0.4572)
    (via_dia 0.8)
    (via_drill 0.45)
    (uvia_dia 0.3)
    (uvia_drill 0.1)
    (diff_pair_gap 0.25)
    (diff_pair_width 0.3048)
    (add_net +12V)
    (add_net /Vin)
    (add_net GND)
    (add_net VCC)
  )

  (net_class Signals ""
    (clearance 0.1524)
    (trace_width 0.4064)
    (via_dia 0.8)
    (via_drill 0.45)
    (uvia_dia 0.3)
    (uvia_drill 0.1)
    (diff_pair_gap 0.25)
    (diff_pair_width 0.3048)
    (add_net /AN0)
    (add_net /AN1)
    (add_net /AN2)
    (add_net /AN3)
    (add_net /AN4)
    (add_net /CAN_H)
    (add_net /CAN_L)
    (add_net /CAN_RXD)
    (add_net /CAN_TXD)
    (add_net /LED_RB0)
    (add_net /LED_RB1)
    (add_net /LED_RB4)
    (add_net /OSC1)
    (add_net /OSC2)
    (add_net /PGC)
    (add_net /PGD)
    (add_net /RX1)
    (add_net /SCL_SCK)
    (add_net /SDA_SDI)
    (add_net /SDO)
    (add_net /TX1)
    (add_net /~MCLR~)
    (add_net /~SS~)
    (add_net "Net-(C13-Pad1)")
    (add_net "Net-(C5-Pad1)")
    (add_net "Net-(C6-Pad1)")
    (add_net "Net-(D1-Pad1)")
    (add_net "Net-(D2-Pad1)")
    (add_net "Net-(D3-Pad1)")
    (add_net "Net-(J1-Pad6)")
    (add_net "Net-(J1-Pad7)")
    (add_net "Net-(J1-Pad8)")
    (add_net "Net-(R1-Pad1)")
    (add_net "Net-(U1-Pad5)")
    (add_net "Net-(U2-Pad11)")
    (add_net "Net-(U2-Pad12)")
    (add_net "Net-(U2-Pad26)")
  )

  (module MountingHole:MountingHole_2.2mm_M2_DIN965_Pad (layer F.Cu) (tedit 5B965543) (tstamp 5BA2B886)
    (at 174.5 149.9)
    (descr "Mounting Hole 2.2mm, M2, DIN965")
    (tags "mounting hole 2.2mm m2 din965")
    (attr virtual)
    (fp_text reference "" (at 0 -2.9) (layer F.SilkS)
      (effects (font (size 1 1) (thickness 0.15)))
    )
    (fp_text value MountingHole_2.2mm_M2_DIN965_Pad (at 0 2.9) (layer F.Fab)
      (effects (font (size 1 1) (thickness 0.15)))
    )
    (fp_circle (center 0 0) (end 2.15 0) (layer F.CrtYd) (width 0.05))
    (fp_circle (center 0 0) (end 1.9 0) (layer Cmts.User) (width 0.15))
    (fp_text user %R (at 0.3 0) (layer F.Fab)
      (effects (font (size 1 1) (thickness 0.15)))
    )
    (pad 1 thru_hole circle (at 0 0) (size 3.8 3.8) (drill 2.2) (layers *.Cu *.Mask))
  )

  (module MountingHole:MountingHole_2.2mm_M2_DIN965_Pad (layer F.Cu) (tedit 5B96553E) (tstamp 5BA2B89C)
    (at 174.5 74.9)
    (descr "Mounting Hole 2.2mm, M2, DIN965")
    (tags "mounting hole 2.2mm m2 din965")
    (attr virtual)
    (fp_text reference "" (at 0 -2.9) (layer F.SilkS)
      (effects (font (size 1 1) (thickness 0.15)))
    )
    (fp_text value MountingHole_2.2mm_M2_DIN965_Pad (at 0 2.9) (layer F.Fab)
      (effects (font (size 1 1) (thickness 0.15)))
    )
    (fp_circle (center 0 0) (end 2.15 0) (layer F.CrtYd) (width 0.05))
    (fp_circle (center 0 0) (end 1.9 0) (layer Cmts.User) (width 0.15))
    (fp_text user %R (at 0.3 0) (layer F.Fab)
      (effects (font (size 1 1) (thickness 0.15)))
    )
    (pad 1 thru_hole circle (at 0 0) (size 3.8 3.8) (drill 2.2) (layers *.Cu *.Mask))
  )

  (module MountingHole:MountingHole_2.2mm_M2_DIN965_Pad (layer F.Cu) (tedit 5B965538) (tstamp 5BA2B8B2)
    (at 129.5 74.9)
    (descr "Mounting Hole 2.2mm, M2, DIN965")
    (tags "mounting hole 2.2mm m2 din965")
    (attr virtual)
    (fp_text reference "" (at 0.5 3) (layer F.SilkS)
      (effects (font (size 1 1) (thickness 0.15)))
    )
    (fp_text value MountingHole_2.2mm_M2_DIN965_Pad (at 0 2.9) (layer F.Fab)
      (effects (font (size 1 1) (thickness 0.15)))
    )
    (fp_circle (center 0 0) (end 2.15 0) (layer F.CrtYd) (width 0.05))
    (fp_circle (center 0 0) (end 1.9 0) (layer Cmts.User) (width 0.15))
    (fp_text user %R (at 0.3 0) (layer F.Fab)
      (effects (font (size 1 1) (thickness 0.15)))
    )
    (pad 1 thru_hole circle (at 0 0) (size 3.8 3.8) (drill 2.2) (layers *.Cu *.Mask))
  )

  (module MountingHole:MountingHole_2.2mm_M2_DIN965_Pad (layer F.Cu) (tedit 5B965547) (tstamp 5BA2B8C8)
    (at 129.5 149.9)
    (descr "Mounting Hole 2.2mm, M2, DIN965")
    (tags "mounting hole 2.2mm m2 din965")
    (attr virtual)
    (fp_text reference "" (at 0 -2.9) (layer F.SilkS)
      (effects (font (size 1 1) (thickness 0.15)))
    )
    (fp_text value MountingHole_2.2mm_M2_DIN965_Pad (at 0 2.9) (layer F.Fab)
      (effects (font (size 1 1) (thickness 0.15)))
    )
    (fp_circle (center 0 0) (end 2.15 0) (layer F.CrtYd) (width 0.05))
    (fp_circle (center 0 0) (end 1.9 0) (layer Cmts.User) (width 0.15))
    (fp_text user %R (at 0.3 0) (layer F.Fab)
      (effects (font (size 1 1) (thickness 0.15)))
    )
    (pad 1 thru_hole circle (at 0 0) (size 3.8 3.8) (drill 2.2) (layers *.Cu *.Mask))
  )

  (module Capacitor_SMD:C_1206_3216Metric_Pad1.39x1.80mm_HandSolder (layer F.Cu) (tedit 5AC5DB74) (tstamp 5BA34F2A)
    (at 134.7675 114.5 180)
    (descr "Capacitor SMD 1206 (3216 Metric), square (rectangular) end terminal, IPC_7351 nominal with elongated pad for handsoldering. (Body size source: http://www.tortai-tech.com/upload/download/2011102023233369053.pdf), generated with kicad-footprint-generator")
    (tags "capacitor handsolder")
    (path /5B95E424)
    (attr smd)
    (fp_text reference C1 (at -3.5 0.25) (layer F.SilkS)
      (effects (font (size 1 1) (thickness 0.15)))
    )
    (fp_text value 100nF (at 0 1.85 180) (layer F.Fab)
      (effects (font (size 1 1) (thickness 0.15)))
    )
    (fp_line (start -1.6 0.8) (end -1.6 -0.8) (layer F.Fab) (width 0.1))
    (fp_line (start -1.6 -0.8) (end 1.6 -0.8) (layer F.Fab) (width 0.1))
    (fp_line (start 1.6 -0.8) (end 1.6 0.8) (layer F.Fab) (width 0.1))
    (fp_line (start 1.6 0.8) (end -1.6 0.8) (layer F.Fab) (width 0.1))
    (fp_line (start -0.5 -0.91) (end 0.5 -0.91) (layer F.SilkS) (width 0.12))
    (fp_line (start -0.5 0.91) (end 0.5 0.91) (layer F.SilkS) (width 0.12))
    (fp_line (start -2.46 1.15) (end -2.46 -1.15) (layer F.CrtYd) (width 0.05))
    (fp_line (start -2.46 -1.15) (end 2.46 -1.15) (layer F.CrtYd) (width 0.05))
    (fp_line (start 2.46 -1.15) (end 2.46 1.15) (layer F.CrtYd) (width 0.05))
    (fp_line (start 2.46 1.15) (end -2.46 1.15) (layer F.CrtYd) (width 0.05))
    (fp_text user %R (at 0 0 180) (layer F.Fab)
      (effects (font (size 0.8 0.8) (thickness 0.12)))
    )
    (pad 1 smd rect (at -1.5175 0 180) (size 1.395 1.8) (layers F.Cu F.Paste F.Mask)
      (net 1 VCC))
    (pad 2 smd rect (at 1.5175 0 180) (size 1.395 1.8) (layers F.Cu F.Paste F.Mask)
      (net 2 GND))
    (model ${KISYS3DMOD}/Capacitor_SMD.3dshapes/C_1206_3216Metric.wrl
      (at (xyz 0 0 0))
      (scale (xyz 1 1 1))
      (rotate (xyz 0 0 0))
    )
  )

  (module Capacitor_SMD:C_1206_3216Metric_Pad1.39x1.80mm_HandSolder (layer F.Cu) (tedit 5AC5DB74) (tstamp 5BA3559C)
    (at 149.55 104.15 270)
    (descr "Capacitor SMD 1206 (3216 Metric), square (rectangular) end terminal, IPC_7351 nominal with elongated pad for handsoldering. (Body size source: http://www.tortai-tech.com/upload/download/2011102023233369053.pdf), generated with kicad-footprint-generator")
    (tags "capacitor handsolder")
    (path /5B95E49C)
    (attr smd)
    (fp_text reference C2 (at -3.25 0.25) (layer F.SilkS)
      (effects (font (size 1 1) (thickness 0.15)))
    )
    (fp_text value 100nF (at 0 1.85 270) (layer F.Fab)
      (effects (font (size 1 1) (thickness 0.15)))
    )
    (fp_text user %R (at 0 0 270) (layer F.Fab)
      (effects (font (size 0.8 0.8) (thickness 0.12)))
    )
    (fp_line (start 2.46 1.15) (end -2.46 1.15) (layer F.CrtYd) (width 0.05))
    (fp_line (start 2.46 -1.15) (end 2.46 1.15) (layer F.CrtYd) (width 0.05))
    (fp_line (start -2.46 -1.15) (end 2.46 -1.15) (layer F.CrtYd) (width 0.05))
    (fp_line (start -2.46 1.15) (end -2.46 -1.15) (layer F.CrtYd) (width 0.05))
    (fp_line (start -0.5 0.91) (end 0.5 0.91) (layer F.SilkS) (width 0.12))
    (fp_line (start -0.5 -0.91) (end 0.5 -0.91) (layer F.SilkS) (width 0.12))
    (fp_line (start 1.6 0.8) (end -1.6 0.8) (layer F.Fab) (width 0.1))
    (fp_line (start 1.6 -0.8) (end 1.6 0.8) (layer F.Fab) (width 0.1))
    (fp_line (start -1.6 -0.8) (end 1.6 -0.8) (layer F.Fab) (width 0.1))
    (fp_line (start -1.6 0.8) (end -1.6 -0.8) (layer F.Fab) (width 0.1))
    (pad 2 smd rect (at 1.5175 0 270) (size 1.395 1.8) (layers F.Cu F.Paste F.Mask)
      (net 2 GND))
    (pad 1 smd rect (at -1.5175 0 270) (size 1.395 1.8) (layers F.Cu F.Paste F.Mask)
      (net 1 VCC))
    (model ${KISYS3DMOD}/Capacitor_SMD.3dshapes/C_1206_3216Metric.wrl
      (at (xyz 0 0 0))
      (scale (xyz 1 1 1))
      (rotate (xyz 0 0 0))
    )
  )

  (module Capacitor_SMD:C_1206_3216Metric_Pad1.39x1.80mm_HandSolder (layer F.Cu) (tedit 5AC5DB74) (tstamp 5BA37A11)
    (at 134.7675 119.5 180)
    (descr "Capacitor SMD 1206 (3216 Metric), square (rectangular) end terminal, IPC_7351 nominal with elongated pad for handsoldering. (Body size source: http://www.tortai-tech.com/upload/download/2011102023233369053.pdf), generated with kicad-footprint-generator")
    (tags "capacitor handsolder")
    (path /5B95E502)
    (attr smd)
    (fp_text reference C3 (at -3.4825 0 180) (layer F.SilkS)
      (effects (font (size 1 1) (thickness 0.15)))
    )
    (fp_text value 100nF (at 0 1.85 180) (layer F.Fab)
      (effects (font (size 1 1) (thickness 0.15)))
    )
    (fp_text user %R (at 0 0 180) (layer F.Fab)
      (effects (font (size 0.8 0.8) (thickness 0.12)))
    )
    (fp_line (start 2.46 1.15) (end -2.46 1.15) (layer F.CrtYd) (width 0.05))
    (fp_line (start 2.46 -1.15) (end 2.46 1.15) (layer F.CrtYd) (width 0.05))
    (fp_line (start -2.46 -1.15) (end 2.46 -1.15) (layer F.CrtYd) (width 0.05))
    (fp_line (start -2.46 1.15) (end -2.46 -1.15) (layer F.CrtYd) (width 0.05))
    (fp_line (start -0.5 0.91) (end 0.5 0.91) (layer F.SilkS) (width 0.12))
    (fp_line (start -0.5 -0.91) (end 0.5 -0.91) (layer F.SilkS) (width 0.12))
    (fp_line (start 1.6 0.8) (end -1.6 0.8) (layer F.Fab) (width 0.1))
    (fp_line (start 1.6 -0.8) (end 1.6 0.8) (layer F.Fab) (width 0.1))
    (fp_line (start -1.6 -0.8) (end 1.6 -0.8) (layer F.Fab) (width 0.1))
    (fp_line (start -1.6 0.8) (end -1.6 -0.8) (layer F.Fab) (width 0.1))
    (pad 2 smd rect (at 1.5175 0 180) (size 1.395 1.8) (layers F.Cu F.Paste F.Mask)
      (net 2 GND))
    (pad 1 smd rect (at -1.5175 0 180) (size 1.395 1.8) (layers F.Cu F.Paste F.Mask)
      (net 1 VCC))
    (model ${KISYS3DMOD}/Capacitor_SMD.3dshapes/C_1206_3216Metric.wrl
      (at (xyz 0 0 0))
      (scale (xyz 1 1 1))
      (rotate (xyz 0 0 0))
    )
  )

  (module Capacitor_SMD:C_1206_3216Metric_Pad1.39x1.80mm_HandSolder (layer F.Cu) (tedit 5AC5DB74) (tstamp 5BA34EFA)
    (at 134.7675 117 180)
    (descr "Capacitor SMD 1206 (3216 Metric), square (rectangular) end terminal, IPC_7351 nominal with elongated pad for handsoldering. (Body size source: http://www.tortai-tech.com/upload/download/2011102023233369053.pdf), generated with kicad-footprint-generator")
    (tags "capacitor handsolder")
    (path /5B95E97E)
    (attr smd)
    (fp_text reference C4 (at -3.5 0) (layer F.SilkS)
      (effects (font (size 1 1) (thickness 0.15)))
    )
    (fp_text value 100nF (at 0 1.85 180) (layer F.Fab)
      (effects (font (size 1 1) (thickness 0.15)))
    )
    (fp_line (start -1.6 0.8) (end -1.6 -0.8) (layer F.Fab) (width 0.1))
    (fp_line (start -1.6 -0.8) (end 1.6 -0.8) (layer F.Fab) (width 0.1))
    (fp_line (start 1.6 -0.8) (end 1.6 0.8) (layer F.Fab) (width 0.1))
    (fp_line (start 1.6 0.8) (end -1.6 0.8) (layer F.Fab) (width 0.1))
    (fp_line (start -0.5 -0.91) (end 0.5 -0.91) (layer F.SilkS) (width 0.12))
    (fp_line (start -0.5 0.91) (end 0.5 0.91) (layer F.SilkS) (width 0.12))
    (fp_line (start -2.46 1.15) (end -2.46 -1.15) (layer F.CrtYd) (width 0.05))
    (fp_line (start -2.46 -1.15) (end 2.46 -1.15) (layer F.CrtYd) (width 0.05))
    (fp_line (start 2.46 -1.15) (end 2.46 1.15) (layer F.CrtYd) (width 0.05))
    (fp_line (start 2.46 1.15) (end -2.46 1.15) (layer F.CrtYd) (width 0.05))
    (fp_text user %R (at 0 0 180) (layer F.Fab)
      (effects (font (size 0.8 0.8) (thickness 0.12)))
    )
    (pad 1 smd rect (at -1.5175 0 180) (size 1.395 1.8) (layers F.Cu F.Paste F.Mask)
      (net 1 VCC))
    (pad 2 smd rect (at 1.5175 0 180) (size 1.395 1.8) (layers F.Cu F.Paste F.Mask)
      (net 2 GND))
    (model ${KISYS3DMOD}/Capacitor_SMD.3dshapes/C_1206_3216Metric.wrl
      (at (xyz 0 0 0))
      (scale (xyz 1 1 1))
      (rotate (xyz 0 0 0))
    )
  )

  (module Capacitor_SMD:C_1206_3216Metric_Pad1.39x1.80mm_HandSolder (layer F.Cu) (tedit 5AC5DB74) (tstamp 5BA35839)
    (at 157.05 104.1675 90)
    (descr "Capacitor SMD 1206 (3216 Metric), square (rectangular) end terminal, IPC_7351 nominal with elongated pad for handsoldering. (Body size source: http://www.tortai-tech.com/upload/download/2011102023233369053.pdf), generated with kicad-footprint-generator")
    (tags "capacitor handsolder")
    (path /5B90BD44)
    (attr smd)
    (fp_text reference C5 (at 3.2675 0 180) (layer F.SilkS)
      (effects (font (size 1 1) (thickness 0.15)))
    )
    (fp_text value 560pF (at 0 1.85 90) (layer F.Fab)
      (effects (font (size 1 1) (thickness 0.15)))
    )
    (fp_line (start -1.6 0.8) (end -1.6 -0.8) (layer F.Fab) (width 0.1))
    (fp_line (start -1.6 -0.8) (end 1.6 -0.8) (layer F.Fab) (width 0.1))
    (fp_line (start 1.6 -0.8) (end 1.6 0.8) (layer F.Fab) (width 0.1))
    (fp_line (start 1.6 0.8) (end -1.6 0.8) (layer F.Fab) (width 0.1))
    (fp_line (start -0.5 -0.91) (end 0.5 -0.91) (layer F.SilkS) (width 0.12))
    (fp_line (start -0.5 0.91) (end 0.5 0.91) (layer F.SilkS) (width 0.12))
    (fp_line (start -2.46 1.15) (end -2.46 -1.15) (layer F.CrtYd) (width 0.05))
    (fp_line (start -2.46 -1.15) (end 2.46 -1.15) (layer F.CrtYd) (width 0.05))
    (fp_line (start 2.46 -1.15) (end 2.46 1.15) (layer F.CrtYd) (width 0.05))
    (fp_line (start 2.46 1.15) (end -2.46 1.15) (layer F.CrtYd) (width 0.05))
    (fp_text user %R (at 0 0 90) (layer F.Fab)
      (effects (font (size 0.8 0.8) (thickness 0.12)))
    )
    (pad 1 smd rect (at -1.5175 0 90) (size 1.395 1.8) (layers F.Cu F.Paste F.Mask)
      (net 3 "Net-(C5-Pad1)"))
    (pad 2 smd rect (at 1.5175 0 90) (size 1.395 1.8) (layers F.Cu F.Paste F.Mask)
      (net 2 GND))
    (model ${KISYS3DMOD}/Capacitor_SMD.3dshapes/C_1206_3216Metric.wrl
      (at (xyz 0 0 0))
      (scale (xyz 1 1 1))
      (rotate (xyz 0 0 0))
    )
  )

  (module Capacitor_SMD:C_1206_3216Metric_Pad1.39x1.80mm_HandSolder (layer F.Cu) (tedit 5AC5DB74) (tstamp 5BA32B46)
    (at 159.55 104.1675 90)
    (descr "Capacitor SMD 1206 (3216 Metric), square (rectangular) end terminal, IPC_7351 nominal with elongated pad for handsoldering. (Body size source: http://www.tortai-tech.com/upload/download/2011102023233369053.pdf), generated with kicad-footprint-generator")
    (tags "capacitor handsolder")
    (path /5B90BFCF)
    (attr smd)
    (fp_text reference C6 (at 3.2675 0 180) (layer F.SilkS)
      (effects (font (size 1 1) (thickness 0.15)))
    )
    (fp_text value 560pF (at 0 1.85 90) (layer F.Fab)
      (effects (font (size 1 1) (thickness 0.15)))
    )
    (fp_line (start -1.6 0.8) (end -1.6 -0.8) (layer F.Fab) (width 0.1))
    (fp_line (start -1.6 -0.8) (end 1.6 -0.8) (layer F.Fab) (width 0.1))
    (fp_line (start 1.6 -0.8) (end 1.6 0.8) (layer F.Fab) (width 0.1))
    (fp_line (start 1.6 0.8) (end -1.6 0.8) (layer F.Fab) (width 0.1))
    (fp_line (start -0.5 -0.91) (end 0.5 -0.91) (layer F.SilkS) (width 0.12))
    (fp_line (start -0.5 0.91) (end 0.5 0.91) (layer F.SilkS) (width 0.12))
    (fp_line (start -2.46 1.15) (end -2.46 -1.15) (layer F.CrtYd) (width 0.05))
    (fp_line (start -2.46 -1.15) (end 2.46 -1.15) (layer F.CrtYd) (width 0.05))
    (fp_line (start 2.46 -1.15) (end 2.46 1.15) (layer F.CrtYd) (width 0.05))
    (fp_line (start 2.46 1.15) (end -2.46 1.15) (layer F.CrtYd) (width 0.05))
    (fp_text user %R (at 0 0 90) (layer F.Fab)
      (effects (font (size 0.8 0.8) (thickness 0.12)))
    )
    (pad 1 smd rect (at -1.5175 0 90) (size 1.395 1.8) (layers F.Cu F.Paste F.Mask)
      (net 4 "Net-(C6-Pad1)"))
    (pad 2 smd rect (at 1.5175 0 90) (size 1.395 1.8) (layers F.Cu F.Paste F.Mask)
      (net 2 GND))
    (model ${KISYS3DMOD}/Capacitor_SMD.3dshapes/C_1206_3216Metric.wrl
      (at (xyz 0 0 0))
      (scale (xyz 1 1 1))
      (rotate (xyz 0 0 0))
    )
  )

  (module Capacitor_SMD:C_1206_3216Metric_Pad1.39x1.80mm_HandSolder (layer F.Cu) (tedit 5B9791A6) (tstamp 5BA35E9F)
    (at 134.75 104.5 180)
    (descr "Capacitor SMD 1206 (3216 Metric), square (rectangular) end terminal, IPC_7351 nominal with elongated pad for handsoldering. (Body size source: http://www.tortai-tech.com/upload/download/2011102023233369053.pdf), generated with kicad-footprint-generator")
    (tags "capacitor handsolder")
    (path /5B9249F3)
    (attr smd)
    (fp_text reference C7 (at -3.4825 0) (layer F.SilkS)
      (effects (font (size 1 1) (thickness 0.15)))
    )
    (fp_text value 22pF (at 0 1.85 180) (layer F.Fab)
      (effects (font (size 1 1) (thickness 0.15)))
    )
    (fp_text user %R (at 0 0 180) (layer F.Fab)
      (effects (font (size 0.8 0.8) (thickness 0.12)))
    )
    (fp_line (start 2.46 1.15) (end -2.46 1.15) (layer F.CrtYd) (width 0.05))
    (fp_line (start 2.46 -1.15) (end 2.46 1.15) (layer F.CrtYd) (width 0.05))
    (fp_line (start -2.46 -1.15) (end 2.46 -1.15) (layer F.CrtYd) (width 0.05))
    (fp_line (start -2.46 1.15) (end -2.46 -1.15) (layer F.CrtYd) (width 0.05))
    (fp_line (start -0.5 0.91) (end 0.5 0.91) (layer F.SilkS) (width 0.12))
    (fp_line (start -0.5 -0.91) (end 0.5 -0.91) (layer F.SilkS) (width 0.12))
    (fp_line (start 1.6 0.8) (end -1.6 0.8) (layer F.Fab) (width 0.1))
    (fp_line (start 1.6 -0.8) (end 1.6 0.8) (layer F.Fab) (width 0.1))
    (fp_line (start -1.6 -0.8) (end 1.6 -0.8) (layer F.Fab) (width 0.1))
    (fp_line (start -1.6 0.8) (end -1.6 -0.8) (layer F.Fab) (width 0.1))
    (pad 2 smd rect (at 1.5175 0 180) (size 1.395 1.8) (layers F.Cu F.Paste F.Mask)
      (net 2 GND))
    (pad 1 smd rect (at -1.5175 0 180) (size 1.395 1.8) (layers F.Cu F.Paste F.Mask)
      (net 5 /OSC1))
    (model ${KISYS3DMOD}/Capacitor_SMD.3dshapes/C_1206_3216Metric.wrl
      (at (xyz 0 0 0))
      (scale (xyz 1 1 1))
      (rotate (xyz 0 0 0))
    )
  )

  (module Capacitor_SMD:C_1206_3216Metric_Pad1.39x1.80mm_HandSolder (layer F.Cu) (tedit 5AC5DB74) (tstamp 5BA57A17)
    (at 134.7325 107 180)
    (descr "Capacitor SMD 1206 (3216 Metric), square (rectangular) end terminal, IPC_7351 nominal with elongated pad for handsoldering. (Body size source: http://www.tortai-tech.com/upload/download/2011102023233369053.pdf), generated with kicad-footprint-generator")
    (tags "capacitor handsolder")
    (path /5B92BADB)
    (attr smd)
    (fp_text reference C8 (at -3.5 0) (layer F.SilkS)
      (effects (font (size 1 1) (thickness 0.15)))
    )
    (fp_text value 22pF (at 0 1.85 180) (layer F.Fab)
      (effects (font (size 1 1) (thickness 0.15)))
    )
    (fp_text user %R (at 0 0 180) (layer F.Fab)
      (effects (font (size 0.8 0.8) (thickness 0.12)))
    )
    (fp_line (start 2.46 1.15) (end -2.46 1.15) (layer F.CrtYd) (width 0.05))
    (fp_line (start 2.46 -1.15) (end 2.46 1.15) (layer F.CrtYd) (width 0.05))
    (fp_line (start -2.46 -1.15) (end 2.46 -1.15) (layer F.CrtYd) (width 0.05))
    (fp_line (start -2.46 1.15) (end -2.46 -1.15) (layer F.CrtYd) (width 0.05))
    (fp_line (start -0.5 0.91) (end 0.5 0.91) (layer F.SilkS) (width 0.12))
    (fp_line (start -0.5 -0.91) (end 0.5 -0.91) (layer F.SilkS) (width 0.12))
    (fp_line (start 1.6 0.8) (end -1.6 0.8) (layer F.Fab) (width 0.1))
    (fp_line (start 1.6 -0.8) (end 1.6 0.8) (layer F.Fab) (width 0.1))
    (fp_line (start -1.6 -0.8) (end 1.6 -0.8) (layer F.Fab) (width 0.1))
    (fp_line (start -1.6 0.8) (end -1.6 -0.8) (layer F.Fab) (width 0.1))
    (pad 2 smd rect (at 1.5175 0 180) (size 1.395 1.8) (layers F.Cu F.Paste F.Mask)
      (net 2 GND))
    (pad 1 smd rect (at -1.5175 0 180) (size 1.395 1.8) (layers F.Cu F.Paste F.Mask)
      (net 6 /OSC2))
    (model ${KISYS3DMOD}/Capacitor_SMD.3dshapes/C_1206_3216Metric.wrl
      (at (xyz 0 0 0))
      (scale (xyz 1 1 1))
      (rotate (xyz 0 0 0))
    )
  )

  (module Capacitor_SMD:C_1206_3216Metric_Pad1.39x1.80mm_HandSolder (layer F.Cu) (tedit 5AC5DB74) (tstamp 5BA32B79)
    (at 150.25 89.6675 90)
    (descr "Capacitor SMD 1206 (3216 Metric), square (rectangular) end terminal, IPC_7351 nominal with elongated pad for handsoldering. (Body size source: http://www.tortai-tech.com/upload/download/2011102023233369053.pdf), generated with kicad-footprint-generator")
    (tags "capacitor handsolder")
    (path /5B93127A)
    (attr smd)
    (fp_text reference C9 (at 3.5175 0 90) (layer F.SilkS)
      (effects (font (size 1 1) (thickness 0.15)))
    )
    (fp_text value 100nF (at 0 1.85 90) (layer F.Fab)
      (effects (font (size 1 1) (thickness 0.15)))
    )
    (fp_text user %R (at 0 0 90) (layer F.Fab)
      (effects (font (size 0.8 0.8) (thickness 0.12)))
    )
    (fp_line (start 2.46 1.15) (end -2.46 1.15) (layer F.CrtYd) (width 0.05))
    (fp_line (start 2.46 -1.15) (end 2.46 1.15) (layer F.CrtYd) (width 0.05))
    (fp_line (start -2.46 -1.15) (end 2.46 -1.15) (layer F.CrtYd) (width 0.05))
    (fp_line (start -2.46 1.15) (end -2.46 -1.15) (layer F.CrtYd) (width 0.05))
    (fp_line (start -0.5 0.91) (end 0.5 0.91) (layer F.SilkS) (width 0.12))
    (fp_line (start -0.5 -0.91) (end 0.5 -0.91) (layer F.SilkS) (width 0.12))
    (fp_line (start 1.6 0.8) (end -1.6 0.8) (layer F.Fab) (width 0.1))
    (fp_line (start 1.6 -0.8) (end 1.6 0.8) (layer F.Fab) (width 0.1))
    (fp_line (start -1.6 -0.8) (end 1.6 -0.8) (layer F.Fab) (width 0.1))
    (fp_line (start -1.6 0.8) (end -1.6 -0.8) (layer F.Fab) (width 0.1))
    (pad 2 smd rect (at 1.5175 0 90) (size 1.395 1.8) (layers F.Cu F.Paste F.Mask)
      (net 2 GND))
    (pad 1 smd rect (at -1.5175 0 90) (size 1.395 1.8) (layers F.Cu F.Paste F.Mask)
      (net 41 /Vin))
    (model ${KISYS3DMOD}/Capacitor_SMD.3dshapes/C_1206_3216Metric.wrl
      (at (xyz 0 0 0))
      (scale (xyz 1 1 1))
      (rotate (xyz 0 0 0))
    )
  )

  (module Capacitor_SMD:CP_Elec_5x5.9 (layer F.Cu) (tedit 5A841F9D) (tstamp 5BA32BA1)
    (at 137.25 90.15 90)
    (descr "SMT capacitor, aluminium electrolytic, 5x5.9, Panasonic B6 ")
    (tags "Capacitor Electrolytic")
    (path /5B9312D6)
    (attr smd)
    (fp_text reference C10 (at 4.5 2 270) (layer F.SilkS)
      (effects (font (size 1 1) (thickness 0.15)))
    )
    (fp_text value 100uF (at 0 3.7 90) (layer F.Fab)
      (effects (font (size 1 1) (thickness 0.15)))
    )
    (fp_text user %R (at 0 0 90) (layer F.Fab)
      (effects (font (size 1 1) (thickness 0.15)))
    )
    (fp_line (start -3.95 1.05) (end -2.9 1.05) (layer F.CrtYd) (width 0.05))
    (fp_line (start -3.95 -1.05) (end -3.95 1.05) (layer F.CrtYd) (width 0.05))
    (fp_line (start -2.9 -1.05) (end -3.95 -1.05) (layer F.CrtYd) (width 0.05))
    (fp_line (start -2.9 1.05) (end -2.9 1.75) (layer F.CrtYd) (width 0.05))
    (fp_line (start -2.9 -1.75) (end -2.9 -1.05) (layer F.CrtYd) (width 0.05))
    (fp_line (start -2.9 -1.75) (end -1.75 -2.9) (layer F.CrtYd) (width 0.05))
    (fp_line (start -2.9 1.75) (end -1.75 2.9) (layer F.CrtYd) (width 0.05))
    (fp_line (start -1.75 -2.9) (end 2.9 -2.9) (layer F.CrtYd) (width 0.05))
    (fp_line (start -1.75 2.9) (end 2.9 2.9) (layer F.CrtYd) (width 0.05))
    (fp_line (start 2.9 1.05) (end 2.9 2.9) (layer F.CrtYd) (width 0.05))
    (fp_line (start 3.95 1.05) (end 2.9 1.05) (layer F.CrtYd) (width 0.05))
    (fp_line (start 3.95 -1.05) (end 3.95 1.05) (layer F.CrtYd) (width 0.05))
    (fp_line (start 2.9 -1.05) (end 3.95 -1.05) (layer F.CrtYd) (width 0.05))
    (fp_line (start 2.9 -2.9) (end 2.9 -1.05) (layer F.CrtYd) (width 0.05))
    (fp_line (start -3.3125 -1.9975) (end -3.3125 -1.3725) (layer F.SilkS) (width 0.12))
    (fp_line (start -3.625 -1.685) (end -3 -1.685) (layer F.SilkS) (width 0.12))
    (fp_line (start -2.76 1.695563) (end -1.695563 2.76) (layer F.SilkS) (width 0.12))
    (fp_line (start -2.76 -1.695563) (end -1.695563 -2.76) (layer F.SilkS) (width 0.12))
    (fp_line (start -2.76 -1.695563) (end -2.76 -1.06) (layer F.SilkS) (width 0.12))
    (fp_line (start -2.76 1.695563) (end -2.76 1.06) (layer F.SilkS) (width 0.12))
    (fp_line (start -1.695563 2.76) (end 2.76 2.76) (layer F.SilkS) (width 0.12))
    (fp_line (start -1.695563 -2.76) (end 2.76 -2.76) (layer F.SilkS) (width 0.12))
    (fp_line (start 2.76 -2.76) (end 2.76 -1.06) (layer F.SilkS) (width 0.12))
    (fp_line (start 2.76 2.76) (end 2.76 1.06) (layer F.SilkS) (width 0.12))
    (fp_line (start -1.783956 -1.45) (end -1.783956 -0.95) (layer F.Fab) (width 0.1))
    (fp_line (start -2.033956 -1.2) (end -1.533956 -1.2) (layer F.Fab) (width 0.1))
    (fp_line (start -2.65 1.65) (end -1.65 2.65) (layer F.Fab) (width 0.1))
    (fp_line (start -2.65 -1.65) (end -1.65 -2.65) (layer F.Fab) (width 0.1))
    (fp_line (start -2.65 -1.65) (end -2.65 1.65) (layer F.Fab) (width 0.1))
    (fp_line (start -1.65 2.65) (end 2.65 2.65) (layer F.Fab) (width 0.1))
    (fp_line (start -1.65 -2.65) (end 2.65 -2.65) (layer F.Fab) (width 0.1))
    (fp_line (start 2.65 -2.65) (end 2.65 2.65) (layer F.Fab) (width 0.1))
    (fp_circle (center 0 0) (end 2.5 0) (layer F.Fab) (width 0.1))
    (pad 2 smd rect (at 2.2 0 90) (size 3 1.6) (layers F.Cu F.Paste F.Mask)
      (net 2 GND))
    (pad 1 smd rect (at -2.2 0 90) (size 3 1.6) (layers F.Cu F.Paste F.Mask)
      (net 41 /Vin))
    (model ${KISYS3DMOD}/Capacitor_SMD.3dshapes/CP_Elec_5x5.9.wrl
      (at (xyz 0 0 0))
      (scale (xyz 1 1 1))
      (rotate (xyz 0 0 0))
    )
  )

  (module Capacitor_SMD:C_1206_3216Metric_Pad1.39x1.80mm_HandSolder (layer F.Cu) (tedit 5AC5DB74) (tstamp 5BA380BD)
    (at 147.75 89.65 90)
    (descr "Capacitor SMD 1206 (3216 Metric), square (rectangular) end terminal, IPC_7351 nominal with elongated pad for handsoldering. (Body size source: http://www.tortai-tech.com/upload/download/2011102023233369053.pdf), generated with kicad-footprint-generator")
    (tags "capacitor handsolder")
    (path /5B9302C8)
    (attr smd)
    (fp_text reference C11 (at 4 0 90) (layer F.SilkS)
      (effects (font (size 1 1) (thickness 0.15)))
    )
    (fp_text value 100nF (at 0 1.85 90) (layer F.Fab)
      (effects (font (size 1 1) (thickness 0.15)))
    )
    (fp_line (start -1.6 0.8) (end -1.6 -0.8) (layer F.Fab) (width 0.1))
    (fp_line (start -1.6 -0.8) (end 1.6 -0.8) (layer F.Fab) (width 0.1))
    (fp_line (start 1.6 -0.8) (end 1.6 0.8) (layer F.Fab) (width 0.1))
    (fp_line (start 1.6 0.8) (end -1.6 0.8) (layer F.Fab) (width 0.1))
    (fp_line (start -0.5 -0.91) (end 0.5 -0.91) (layer F.SilkS) (width 0.12))
    (fp_line (start -0.5 0.91) (end 0.5 0.91) (layer F.SilkS) (width 0.12))
    (fp_line (start -2.46 1.15) (end -2.46 -1.15) (layer F.CrtYd) (width 0.05))
    (fp_line (start -2.46 -1.15) (end 2.46 -1.15) (layer F.CrtYd) (width 0.05))
    (fp_line (start 2.46 -1.15) (end 2.46 1.15) (layer F.CrtYd) (width 0.05))
    (fp_line (start 2.46 1.15) (end -2.46 1.15) (layer F.CrtYd) (width 0.05))
    (fp_text user %R (at 0 0 90) (layer F.Fab)
      (effects (font (size 0.8 0.8) (thickness 0.12)))
    )
    (pad 1 smd rect (at -1.5175 0 90) (size 1.395 1.8) (layers F.Cu F.Paste F.Mask)
      (net 1 VCC))
    (pad 2 smd rect (at 1.5175 0 90) (size 1.395 1.8) (layers F.Cu F.Paste F.Mask)
      (net 2 GND))
    (model ${KISYS3DMOD}/Capacitor_SMD.3dshapes/C_1206_3216Metric.wrl
      (at (xyz 0 0 0))
      (scale (xyz 1 1 1))
      (rotate (xyz 0 0 0))
    )
  )

  (module Capacitor_SMD:CP_Elec_5x5.9 (layer F.Cu) (tedit 5A841F9D) (tstamp 5BA32BDA)
    (at 143.25 90.15 90)
    (descr "SMT capacitor, aluminium electrolytic, 5x5.9, Panasonic B6 ")
    (tags "Capacitor Electrolytic")
    (path /5B9303B9)
    (attr smd)
    (fp_text reference C12 (at 4.5 -2 270) (layer F.SilkS)
      (effects (font (size 1 1) (thickness 0.15)))
    )
    (fp_text value 100uF (at 0 3.7 90) (layer F.Fab)
      (effects (font (size 1 1) (thickness 0.15)))
    )
    (fp_circle (center 0 0) (end 2.5 0) (layer F.Fab) (width 0.1))
    (fp_line (start 2.65 -2.65) (end 2.65 2.65) (layer F.Fab) (width 0.1))
    (fp_line (start -1.65 -2.65) (end 2.65 -2.65) (layer F.Fab) (width 0.1))
    (fp_line (start -1.65 2.65) (end 2.65 2.65) (layer F.Fab) (width 0.1))
    (fp_line (start -2.65 -1.65) (end -2.65 1.65) (layer F.Fab) (width 0.1))
    (fp_line (start -2.65 -1.65) (end -1.65 -2.65) (layer F.Fab) (width 0.1))
    (fp_line (start -2.65 1.65) (end -1.65 2.65) (layer F.Fab) (width 0.1))
    (fp_line (start -2.033956 -1.2) (end -1.533956 -1.2) (layer F.Fab) (width 0.1))
    (fp_line (start -1.783956 -1.45) (end -1.783956 -0.95) (layer F.Fab) (width 0.1))
    (fp_line (start 2.76 2.76) (end 2.76 1.06) (layer F.SilkS) (width 0.12))
    (fp_line (start 2.76 -2.76) (end 2.76 -1.06) (layer F.SilkS) (width 0.12))
    (fp_line (start -1.695563 -2.76) (end 2.76 -2.76) (layer F.SilkS) (width 0.12))
    (fp_line (start -1.695563 2.76) (end 2.76 2.76) (layer F.SilkS) (width 0.12))
    (fp_line (start -2.76 1.695563) (end -2.76 1.06) (layer F.SilkS) (width 0.12))
    (fp_line (start -2.76 -1.695563) (end -2.76 -1.06) (layer F.SilkS) (width 0.12))
    (fp_line (start -2.76 -1.695563) (end -1.695563 -2.76) (layer F.SilkS) (width 0.12))
    (fp_line (start -2.76 1.695563) (end -1.695563 2.76) (layer F.SilkS) (width 0.12))
    (fp_line (start -3.625 -1.685) (end -3 -1.685) (layer F.SilkS) (width 0.12))
    (fp_line (start -3.3125 -1.9975) (end -3.3125 -1.3725) (layer F.SilkS) (width 0.12))
    (fp_line (start 2.9 -2.9) (end 2.9 -1.05) (layer F.CrtYd) (width 0.05))
    (fp_line (start 2.9 -1.05) (end 3.95 -1.05) (layer F.CrtYd) (width 0.05))
    (fp_line (start 3.95 -1.05) (end 3.95 1.05) (layer F.CrtYd) (width 0.05))
    (fp_line (start 3.95 1.05) (end 2.9 1.05) (layer F.CrtYd) (width 0.05))
    (fp_line (start 2.9 1.05) (end 2.9 2.9) (layer F.CrtYd) (width 0.05))
    (fp_line (start -1.75 2.9) (end 2.9 2.9) (layer F.CrtYd) (width 0.05))
    (fp_line (start -1.75 -2.9) (end 2.9 -2.9) (layer F.CrtYd) (width 0.05))
    (fp_line (start -2.9 1.75) (end -1.75 2.9) (layer F.CrtYd) (width 0.05))
    (fp_line (start -2.9 -1.75) (end -1.75 -2.9) (layer F.CrtYd) (width 0.05))
    (fp_line (start -2.9 -1.75) (end -2.9 -1.05) (layer F.CrtYd) (width 0.05))
    (fp_line (start -2.9 1.05) (end -2.9 1.75) (layer F.CrtYd) (width 0.05))
    (fp_line (start -2.9 -1.05) (end -3.95 -1.05) (layer F.CrtYd) (width 0.05))
    (fp_line (start -3.95 -1.05) (end -3.95 1.05) (layer F.CrtYd) (width 0.05))
    (fp_line (start -3.95 1.05) (end -2.9 1.05) (layer F.CrtYd) (width 0.05))
    (fp_text user %R (at 0 0 90) (layer F.Fab)
      (effects (font (size 1 1) (thickness 0.15)))
    )
    (pad 1 smd rect (at -2.2 0 90) (size 3 1.6) (layers F.Cu F.Paste F.Mask)
      (net 1 VCC))
    (pad 2 smd rect (at 2.2 0 90) (size 3 1.6) (layers F.Cu F.Paste F.Mask)
      (net 2 GND))
    (model ${KISYS3DMOD}/Capacitor_SMD.3dshapes/CP_Elec_5x5.9.wrl
      (at (xyz 0 0 0))
      (scale (xyz 1 1 1))
      (rotate (xyz 0 0 0))
    )
  )

  (module LED_SMD:LED_1206_3216Metric_Pad1.22x1.80mm_HandSolder (layer F.Cu) (tedit 5AC5DB75) (tstamp 5BA32BED)
    (at 149 122.08 90)
    (descr "LED SMD 1206 (3216 Metric), square (rectangular) end terminal, IPC_7351 nominal, (Body size source: http://www.tortai-tech.com/upload/download/2011102023233369053.pdf), generated with kicad-footprint-generator")
    (tags "LED handsolder")
    (path /5B9421CD)
    (attr smd)
    (fp_text reference D1 (at 2.93 0 180) (layer F.SilkS)
      (effects (font (size 1 1) (thickness 0.15)))
    )
    (fp_text value Green (at 0 1.85 90) (layer F.Fab)
      (effects (font (size 1 1) (thickness 0.15)))
    )
    (fp_line (start 1.6 -0.8) (end -1.2 -0.8) (layer F.Fab) (width 0.1))
    (fp_line (start -1.2 -0.8) (end -1.6 -0.4) (layer F.Fab) (width 0.1))
    (fp_line (start -1.6 -0.4) (end -1.6 0.8) (layer F.Fab) (width 0.1))
    (fp_line (start -1.6 0.8) (end 1.6 0.8) (layer F.Fab) (width 0.1))
    (fp_line (start 1.6 0.8) (end 1.6 -0.8) (layer F.Fab) (width 0.1))
    (fp_line (start 1.6 -1.16) (end -2.3 -1.16) (layer F.SilkS) (width 0.12))
    (fp_line (start -2.3 -1.16) (end -2.3 1.16) (layer F.SilkS) (width 0.12))
    (fp_line (start -2.3 1.16) (end 1.6 1.16) (layer F.SilkS) (width 0.12))
    (fp_line (start -2.29 1.15) (end -2.29 -1.15) (layer F.CrtYd) (width 0.05))
    (fp_line (start -2.29 -1.15) (end 2.29 -1.15) (layer F.CrtYd) (width 0.05))
    (fp_line (start 2.29 -1.15) (end 2.29 1.15) (layer F.CrtYd) (width 0.05))
    (fp_line (start 2.29 1.15) (end -2.29 1.15) (layer F.CrtYd) (width 0.05))
    (fp_text user %R (at 0 0 90) (layer F.Fab)
      (effects (font (size 0.8 0.8) (thickness 0.12)))
    )
    (pad 1 smd rect (at -1.43 0 90) (size 1.22 1.8) (layers F.Cu F.Paste F.Mask)
      (net 8 "Net-(D1-Pad1)"))
    (pad 2 smd rect (at 1.43 0 90) (size 1.22 1.8) (layers F.Cu F.Paste F.Mask)
      (net 9 /LED_RB0))
    (model ${KISYS3DMOD}/LED_SMD.3dshapes/LED_1206_3216Metric.wrl
      (at (xyz 0 0 0))
      (scale (xyz 1 1 1))
      (rotate (xyz 0 0 0))
    )
  )

  (module LED_SMD:LED_1206_3216Metric_Pad1.22x1.80mm_HandSolder (layer F.Cu) (tedit 5AC5DB75) (tstamp 5BA3624A)
    (at 152 122.08 90)
    (descr "LED SMD 1206 (3216 Metric), square (rectangular) end terminal, IPC_7351 nominal, (Body size source: http://www.tortai-tech.com/upload/download/2011102023233369053.pdf), generated with kicad-footprint-generator")
    (tags "LED handsolder")
    (path /5B942179)
    (attr smd)
    (fp_text reference D2 (at 2.93 0 180) (layer F.SilkS)
      (effects (font (size 1 1) (thickness 0.15)))
    )
    (fp_text value Green (at 0 1.85 90) (layer F.Fab)
      (effects (font (size 1 1) (thickness 0.15)))
    )
    (fp_text user %R (at 0 0 90) (layer F.Fab)
      (effects (font (size 0.8 0.8) (thickness 0.12)))
    )
    (fp_line (start 2.29 1.15) (end -2.29 1.15) (layer F.CrtYd) (width 0.05))
    (fp_line (start 2.29 -1.15) (end 2.29 1.15) (layer F.CrtYd) (width 0.05))
    (fp_line (start -2.29 -1.15) (end 2.29 -1.15) (layer F.CrtYd) (width 0.05))
    (fp_line (start -2.29 1.15) (end -2.29 -1.15) (layer F.CrtYd) (width 0.05))
    (fp_line (start -2.3 1.16) (end 1.6 1.16) (layer F.SilkS) (width 0.12))
    (fp_line (start -2.3 -1.16) (end -2.3 1.16) (layer F.SilkS) (width 0.12))
    (fp_line (start 1.6 -1.16) (end -2.3 -1.16) (layer F.SilkS) (width 0.12))
    (fp_line (start 1.6 0.8) (end 1.6 -0.8) (layer F.Fab) (width 0.1))
    (fp_line (start -1.6 0.8) (end 1.6 0.8) (layer F.Fab) (width 0.1))
    (fp_line (start -1.6 -0.4) (end -1.6 0.8) (layer F.Fab) (width 0.1))
    (fp_line (start -1.2 -0.8) (end -1.6 -0.4) (layer F.Fab) (width 0.1))
    (fp_line (start 1.6 -0.8) (end -1.2 -0.8) (layer F.Fab) (width 0.1))
    (pad 2 smd rect (at 1.43 0 90) (size 1.22 1.8) (layers F.Cu F.Paste F.Mask)
      (net 10 /LED_RB1))
    (pad 1 smd rect (at -1.43 0 90) (size 1.22 1.8) (layers F.Cu F.Paste F.Mask)
      (net 11 "Net-(D2-Pad1)"))
    (model ${KISYS3DMOD}/LED_SMD.3dshapes/LED_1206_3216Metric.wrl
      (at (xyz 0 0 0))
      (scale (xyz 1 1 1))
      (rotate (xyz 0 0 0))
    )
  )

  (module LED_SMD:LED_1206_3216Metric_Pad1.22x1.80mm_HandSolder (layer F.Cu) (tedit 5AC5DB75) (tstamp 5BA32C13)
    (at 155 122.08 90)
    (descr "LED SMD 1206 (3216 Metric), square (rectangular) end terminal, IPC_7351 nominal, (Body size source: http://www.tortai-tech.com/upload/download/2011102023233369053.pdf), generated with kicad-footprint-generator")
    (tags "LED handsolder")
    (path /5B94086E)
    (attr smd)
    (fp_text reference D3 (at 2.93 0 180) (layer F.SilkS)
      (effects (font (size 1 1) (thickness 0.15)))
    )
    (fp_text value Green (at 0 1.85 90) (layer F.Fab)
      (effects (font (size 1 1) (thickness 0.15)))
    )
    (fp_line (start 1.6 -0.8) (end -1.2 -0.8) (layer F.Fab) (width 0.1))
    (fp_line (start -1.2 -0.8) (end -1.6 -0.4) (layer F.Fab) (width 0.1))
    (fp_line (start -1.6 -0.4) (end -1.6 0.8) (layer F.Fab) (width 0.1))
    (fp_line (start -1.6 0.8) (end 1.6 0.8) (layer F.Fab) (width 0.1))
    (fp_line (start 1.6 0.8) (end 1.6 -0.8) (layer F.Fab) (width 0.1))
    (fp_line (start 1.6 -1.16) (end -2.3 -1.16) (layer F.SilkS) (width 0.12))
    (fp_line (start -2.3 -1.16) (end -2.3 1.16) (layer F.SilkS) (width 0.12))
    (fp_line (start -2.3 1.16) (end 1.6 1.16) (layer F.SilkS) (width 0.12))
    (fp_line (start -2.29 1.15) (end -2.29 -1.15) (layer F.CrtYd) (width 0.05))
    (fp_line (start -2.29 -1.15) (end 2.29 -1.15) (layer F.CrtYd) (width 0.05))
    (fp_line (start 2.29 -1.15) (end 2.29 1.15) (layer F.CrtYd) (width 0.05))
    (fp_line (start 2.29 1.15) (end -2.29 1.15) (layer F.CrtYd) (width 0.05))
    (fp_text user %R (at 0 0 90) (layer F.Fab)
